   0.0000000e+00
   2.0000000e+01
   2.2440369e+01
   2.5178508e+01
   2.8250751e+01
   3.1697864e+01
   3.5565588e+01
   3.9905246e+01
   4.4774423e+01
   5.0237729e+01
   5.6367659e+01
   6.3245553e+01
   7.0962678e+01
   7.9621434e+01
   8.9336718e+01
   1.0023745e+02
   1.1246827e+02
   1.2619147e+02
   1.4158916e+02
   1.5886565e+02
   1.7825019e+02
   2.0000000e+02
   2.2440369e+02
   2.5178508e+02
   2.8250751e+02
   3.1697864e+02
   3.5565588e+02
   3.9905246e+02
   4.4774423e+02
   5.0237729e+02
   5.6367659e+02
   6.3245553e+02
   7.0962678e+02
   7.9621434e+02
   8.9336718e+02
   1.0023745e+03
   1.1246827e+03
   1.2619147e+03
   1.4158916e+03
   1.5886565e+03
   1.7825019e+03
   2.0000000e+03
   2.2440369e+03
   2.5178508e+03
   2.8250751e+03
   3.1697864e+03
   3.5565588e+03
   3.9905246e+03
   4.4774423e+03
   5.0237729e+03
   5.6367659e+03
   6.3245553e+03
   7.0962678e+03
   7.9621434e+03
   8.9336718e+03
   1.0023745e+04
   1.1246827e+04
   1.2619147e+04
   1.4158916e+04
   1.5886565e+04
   1.7825019e+04
   2.0000000e+04
